   PRES   HGHT   TEMP   DWPT   RELH   MIXR   DRCT   SKNT   THTA   THTE   THTV
 1000.0     84   28.8   22.8     70  17.83    120      3  301.9  354.8  305.2
  988.0    193   30.0   21.0     59  16.12    111      5  304.2  352.5  307.1
  936.0    677   26.7   17.7     58  13.82     70     15  305.6  347.2  308.1
  925.0    783   26.0   17.0     58  13.35     65     15  305.9  346.2  308.3
  893.0   1091   23.5   15.3     60  12.42     50     14  306.4  344.0  308.7
  850.0   1522   20.0   13.0     64  11.19     60     17  307.1  341.1  309.1
  843.0   1593   19.6   11.6     60  10.28     63     17  307.4  338.8  309.3
  837.0   1655   19.8    5.8     40   6.95     66     17  308.2  329.8  309.5
  794.0   2101   17.3   -0.9     29   4.54     85     18  310.2  324.7  311.1
  748.0   2607   14.4   -8.4     20   2.72     85     25  312.4  321.4  312.9
  700.0   3168   11.2  -16.8     12   1.47    100     19  314.9  319.9  315.1
  698.0   3191   11.0  -16.9     12   1.47    100     19  314.9  320.0  315.2
  667.0   3563    8.5  -17.9     14   1.41     85     17  316.2  321.1  316.4
  642.0   3876    6.3  -18.8     15   1.36    100     12  317.2  322.0  317.5
  628.0   4056    5.1  -19.2     15   1.34     85     11  317.8  322.5  318.1
  604.0   4375    2.9  -20.1     17   1.29     95      5  318.8  323.4  319.1
  586.0   4623    1.2  -20.8     18   1.25    103     12  319.6  324.1  319.9
  581.0   4692    1.4  -27.3     10   0.70    105     14  320.6  323.2  320.8
  572.0   4818    1.8  -39.2      3   0.22    103     16  322.5  323.4  322.6
  513.0   5686   -2.6  -38.6      4   0.27     90     30  327.4  328.4  327.4
  502.0   5858   -3.5  -38.5      5   0.27    100     34  328.3  329.4  328.4
  500.0   5890   -3.7  -38.7      5   0.27    100     34  328.5  329.5  328.5
  491.0   6031   -4.8  -38.4      5   0.29    110     34  328.9  330.0  328.9
  447.0   6759  -10.2  -36.5     10   0.38     90     36  331.0  332.5  331.1
  428.0   7095  -12.7  -35.7     13   0.43     81     34  331.9  333.6  332.0
  421.0   7221  -12.5  -40.5      8   0.27     77     33  333.7  334.8  333.8
  407.0   7478  -13.7  -45.0      5   0.17     70     31  335.4  336.2  335.5
  400.0   7610  -14.3  -47.3      4   0.13     70     28  336.3  336.9  336.3
  373.0   8138  -16.5  -51.5      3   0.09     74     18  340.2  340.6  340.2
  365.0   8298  -17.9  -51.7      3   0.09     75     15  340.4  340.8  340.4
  352.0   8565  -20.3  -51.9      4   0.09     55     17  340.8  341.2  340.8
  319.0   9290  -26.7  -52.7      7   0.09     58     14  341.6  342.0  341.6
  300.0   9730  -30.7  -46.7     19   0.19     60     12  342.0  342.8  342.0
  296.0   9825  -31.6  -45.8     23   0.21     65     10  342.1  343.0  342.1
  291.0   9946  -32.7  -44.7     29   0.25     49     10  342.1  343.2  342.2
  282.0  10164  -34.5  -44.8     34   0.25     20     10  342.7  343.7  342.7
  252.0  10945  -40.9  -45.1     64   0.27    190      1  344.4  345.6  344.5
  250.0  11000  -41.3  -45.1     67   0.27    205      1  344.5  345.7  344.6
  228.0  11616  -46.9  -48.5     84   0.21    261      4  345.2  346.1  345.2
  224.0  11733  -47.9  -49.9     80   0.18    271      4  345.4  346.2  345.4
  200.0  12470  -53.3  -61.3     37   0.05    340      8  348.2  348.4  348.2
  185.0  12968  -57.3  -70.3     18   0.02    345      8  349.6  349.6  349.6
  150.0  14260  -68.5  -74.5     42   0.01      0      9  351.9  351.9  351.9
  136.0  14839  -73.5  -78.2     49   0.01    356     10  353.0  353.1  353.1
  134.0  14923  -74.0  -78.7     49   0.01    355     10  353.7  353.7  353.7
  123.0  15413  -76.8  -81.3     48   0.00      5     10  357.4  357.4  357.4
  119.0  15601  -77.8  -82.4     48   0.00     50     10  358.8  358.8  358.8
  117.0  15698  -78.4  -82.9     48   0.00     65     11  359.5  359.6  359.5
  111.0  15999  -80.1  -84.6     48   0.00     50     16  361.8  361.8  361.8
  105.0  16316  -81.9  -86.3     47   0.00     80     20  364.1  364.1  364.1
  101.0  16534  -80.6  -85.2     47   0.00     90     31  370.6  370.7  370.6
  100.0  16590  -80.3  -84.9     47   0.00     85     31  372.3  372.4  372.3
   97.0  16767  -77.6  -83.2     41   0.00     80     33  380.9  380.9  380.9
   95.0  16888  -75.7  -82.0     37   0.01     90     20  386.8  386.8  386.8
   91.0  17138  -71.9  -79.5     31   0.01      0      0  399.2  399.2  399.2
   90.0  17203  -70.9  -78.9     30   0.01    354      1  402.4  402.5  402.4
   80.1  17888  -75.5  -85.5     20   0.00    295      9  406.6  406.6  406.6
   77.0  18120  -74.4  -85.6     17   0.00    275     12  413.5  413.5  413.5
   70.0  18680  -71.7  -85.7     11   0.00    285     19  430.7  430.7  430.7
   69.9  18688  -71.7  -85.7     11   0.00    285     19  430.8  430.9  430.8
   67.0  18941  -66.3  -83.3      8   0.01    296     26  447.8  447.8  447.8
   66.0  19032  -66.0  -83.8      7   0.01    300     29  450.4  450.4  450.4
   64.5  19172  -65.5  -84.5      6   0.00    290     26  454.4  454.4  454.4
   63.0  19313  -66.2  -86.0      5   0.00    280     22  456.0  456.1  456.0
   60.0  19607  -67.5  -89.0      3   0.00    285     22  459.4  459.4  459.4
   57.5  19864  -68.7  -91.7      2   0.00    306     13  462.4  462.4  462.4
   57.0  19916  -68.7  -91.7      2   0.00    310     11  463.6  463.6  463.6
   54.0  20240  -68.5  -92.0      2   0.00    330      2  471.1  471.1  471.1
   52.0  20465  -68.4  -92.1      2   0.00    245     14  476.5  476.5  476.5
   51.0  20582  -68.4  -92.2      2   0.00    240     10  479.3  479.3  479.3
   50.0  20700  -68.3  -92.3      2   0.00    245      8  482.1  482.1  482.1
   49.0  20823  -68.0  -92.3      2   0.00    260     11  485.6  485.6  485.6
   48.0  20948  -67.7  -92.4      2   0.00    245     10  489.1  489.1  489.1
   47.0  21077  -67.5  -92.4      2   0.00    190      1  492.8  492.8  492.8
   46.0  21208  -67.2  -92.4      2   0.00     95     11  496.5  496.5  496.5
   45.0  21341  -66.8  -92.5      2   0.00     95     10  500.4  500.4  500.4
   43.0  21618  -66.2  -92.5      1   0.00     65     11  508.5  508.5  508.5
   41.0  21908  -65.6  -92.6      1   0.00    115     22  517.1  517.1  517.1
   40.0  22058  -65.2  -92.6      1   0.00    110     27  521.6  521.6  521.6
   38.0  22370  -64.5  -92.7      1   0.00     80     37  531.1  531.1  531.1
   35.0  22871  -63.4  -92.8      1   0.00    100     49  546.7  546.7  546.7
   33.8  23083  -62.9  -92.9      1   0.00     96     54  553.4  553.4  553.4
   32.4  23344  -63.5  -93.5      1   0.00     90     59  558.5  558.6  558.5
   31.0  23617  -62.0  -92.6      1   0.00     85     65  569.7  569.7  569.7
   30.0  23820  -60.9  -91.9      1   0.00     90     67  578.0  578.1  578.0
   27.0  24488  -58.4  -90.0      1   0.00     95     74  602.7  602.8  602.7
   26.7  24559  -58.1  -89.8      1   0.00     95     74  605.4  605.5  605.4
   20.9  26111  -52.3  -85.3      1   0.01     95     60  666.9  667.0  666.9
   20.2  26331  -53.1  -86.1      1   0.01     95     58  671.0  671.1  671.0
